33 openwhisk/action-swift-v4.2:nightly 262 1032 1565703690429 1565703690691 1565703691723
3 openwhisk/action-dotnet-v2.2:nightly 273 1244 1565703690418 1565703690691 1565703691935
6 openwhisk/actionloop-golang-v1.11:nightly 272 1624 1565703690419 1565703690691 1565703692315
11 openwhisk/action-ruby-v2.5:nightly 270 2068 1565703690421 1565703690691 1565703692759
14 openwhisk/action-php-v7.3:nightly 270 2510 1565703690421 1565703690691 1565703693201
15 openwhisk/java8action:nightly 268 2782 1565703690423 1565703690691 1565703693473
40 openwhisk/action-swift-v4.2:nightly 283 2873 1565703690430 1565703690713 1565703693586
13 openwhisk/actionloop-golang-v1.11:nightly 292 3241 1565703690421 1565703690713 1565703693954
20 openwhisk/actionloop-golang-v1.11:nightly 281 3494 1565703690425 1565703690706 1565703694200
1 openwhisk/java8action:nightly 294 4036 1565703690417 1565703690711 1565703694747
5 openwhisk/action-swift-v4.2:nightly 293 4163 1565703690419 1565703690712 1565703694875
47 openwhisk/action-swift-v4.2:nightly 277 4350 1565703690435 1565703690712 1565703695062
7 openwhisk/action-php-v7.3:nightly 293 5024 1565703690420 1565703690713 1565703695737
52 openwhisk/action-dotnet-v2.2:nightly 280 5279 1565703690444 1565703690724 1565703696003
39 openwhisk/action-ruby-v2.5:nightly 290 5609 1565703690433 1565703690723 1565703696332
2 openwhisk/python3action:nightly 332 5776 1565703690418 1565703690750 1565703696526
4 openwhisk/action-ruby-v2.5:nightly 345 5914 1565703690418 1565703690763 1565703696677
50 openwhisk/java8action:nightly 337 6138 1565703690435 1565703690772 1565703696910
56 openwhisk/action-php-v7.3:nightly 298 6189 1565703690446 1565703690744 1565703696933
64 openwhisk/java8action:nightly 244 6324 1565703690496 1565703690740 1565703697064
37 openwhisk/python3action:nightly 334 6326 1565703690430 1565703690764 1565703697090
28 openwhisk/action-php-v7.3:nightly 317 6439 1565703690427 1565703690744 1565703697183
57 openwhisk/java8action:nightly 290 6446 1565703690452 1565703690742 1565703697188
10 openwhisk/action-dotnet-v2.2:nightly 323 6659 1565703690420 1565703690743 1565703697402
68 openwhisk/action-swift-v4.2:nightly 331 6692 1565703690446 1565703690777 1565703697469
29 openwhisk/java8action:nightly 296 6870 1565703690428 1565703690724 1565703697594
17 openwhisk/action-dotnet-v2.2:nightly 303 6968 1565703690422 1565703690725 1565703697693
30 openwhisk/python3action:nightly 296 7081 1565703690428 1565703690724 1565703697805
34 openwhisk/actionloop-golang-v1.11:nightly 302 7124 1565703690428 1565703690730 1565703697854
66 openwhisk/action-dotnet-v2.2:nightly 245 7211 1565703690494 1565703690739 1565703697950
0 openwhisk/action-php-v7.3:nightly 295 7332 1565703690417 1565703690712 1565703698044
18 openwhisk/action-ruby-v2.5:nightly 303 7332 1565703690423 1565703690726 1565703698058
31 openwhisk/action-dotnet-v2.2:nightly 318 7517 1565703690427 1565703690745 1565703698262
25 openwhisk/action-ruby-v2.5:nightly 286 7587 1565703690426 1565703690712 1565703698299
8 openwhisk/java8action:nightly 316 7646 1565703690419 1565703690735 1565703698381
44 openwhisk/python3action:nightly 297 7836 1565703690433 1565703690730 1565703698566
62 openwhisk/actionloop-golang-v1.11:nightly 287 7990 1565703690457 1565703690744 1565703698734
51 openwhisk/python3action:nightly 322 8040 1565703690441 1565703690763 1565703698803
21 openwhisk/action-php-v7.3:nightly 329 8053 1565703690425 1565703690754 1565703698807
49 openwhisk/action-php-v7.3:nightly 312 8165 1565703690435 1565703690747 1565703698912
69 openwhisk/actionloop-golang-v1.11:nightly 339 8161 1565703690459 1565703690798 1565703698959
61 openwhisk/action-swift-v4.2:nightly 339 8279 1565703690461 1565703690800 1565703699079
38 openwhisk/action-dotnet-v2.2:nightly 364 8318 1565703690432 1565703690796 1565703699114
12 openwhisk/action-swift-v4.2:nightly 375 8499 1565703690420 1565703690795 1565703699294
22 openwhisk/java8action:nightly 345 8643 1565703690424 1565703690769 1565703699412
63 openwhisk/action-php-v7.3:nightly 306 8697 1565703690485 1565703690791 1565703699488
24 openwhisk/action-dotnet-v2.2:nightly 346 9070 1565703690426 1565703690772 1565703699842
58 openwhisk/python3action:nightly 318 9083 1565703690452 1565703690770 1565703699853
43 openwhisk/java8action:nightly 310 9124 1565703690436 1565703690746 1565703699870
55 openwhisk/actionloop-golang-v1.11:nightly 325 9117 1565703690440 1565703690765 1565703699882
53 openwhisk/action-ruby-v2.5:nightly 330 9531 1565703690444 1565703690774 1565703700305
26 openwhisk/action-swift-v4.2:nightly 349 9555 1565703690426 1565703690775 1565703700330
23 openwhisk/python3action:nightly 363 9691 1565703690425 1565703690788 1565703700479
35 openwhisk/action-php-v7.3:nightly 340 9721 1565703690430 1565703690770 1565703700491
48 openwhisk/actionloop-golang-v1.11:nightly 333 9839 1565703690439 1565703690772 1565703700611
42 openwhisk/action-php-v7.3:nightly 349 9848 1565703690447 1565703690796 1565703700644
32 openwhisk/action-ruby-v2.5:nightly 337 9987 1565703690429 1565703690766 1565703700753
19 openwhisk/action-swift-v4.2:nightly 343 10049 1565703690422 1565703690765 1565703700814
36 openwhisk/java8action:nightly 321 10101 1565703690431 1565703690752 1565703700853
65 openwhisk/python3action:nightly 348 10242 1565703690448 1565703690796 1565703701038
41 openwhisk/actionloop-golang-v1.11:nightly 362 10285 1565703690435 1565703690797 1565703701082
16 openwhisk/python3action:nightly 346 10326 1565703690422 1565703690768 1565703701094
60 openwhisk/action-ruby-v2.5:nightly 340 10318 1565703690453 1565703690793 1565703701111
67 openwhisk/action-ruby-v2.5:nightly 320 10519 1565703690453 1565703690773 1565703701292
54 openwhisk/action-swift-v4.2:nightly 313 10571 1565703690470 1565703690783 1565703701354
59 openwhisk/action-dotnet-v2.2:nightly 329 10568 1565703690468 1565703690797 1565703701365
27 openwhisk/actionloop-golang-v1.11:nightly 367 10610 1565703690426 1565703690793 1565703701403
9 openwhisk/python3action:nightly 352 10658 1565703690420 1565703690772 1565703701430
45 openwhisk/action-dotnet-v2.2:nightly 384 10644 1565703690436 1565703690820 1565703701464
46 openwhisk/action-ruby-v2.5:nightly 365 10689 1565703690435 1565703690800 1565703701489
