38 openwhisk/action-dotnet-v2.2:nightly 2085 2196 1565703050711 1565703052796 1565703054992
31 openwhisk/action-dotnet-v2.2:nightly 2087 2361 1565703050709 1565703052796 1565703055157
1 openwhisk/java8action:nightly 2716 2303 1565703050697 1565703053413 1565703055716
59 openwhisk/action-dotnet-v2.2:nightly 2691 2470 1565703050721 1565703053412 1565703055882
40 openwhisk/action-swift-v4.2:nightly 2775 2631 1565703050710 1565703053485 1565703056116
50 openwhisk/java8action:nightly 2765 3105 1565703050715 1565703053480 1565703056585
16 openwhisk/python3action:nightly 2779 3352 1565703050702 1565703053481 1565703056833
44 openwhisk/python3action:nightly 2765 3538 1565703050713 1565703053478 1565703057016
46 openwhisk/action-ruby-v2.5:nightly 2780 4065 1565703050712 1565703053492 1565703057557
52 openwhisk/action-dotnet-v2.2:nightly 2774 4228 1565703050717 1565703053491 1565703057719
65 openwhisk/python3action:nightly 2758 4376 1565703050724 1565703053482 1565703057858
0 openwhisk/action-php-v7.3:nightly 2799 4905 1565703050696 1565703053495 1565703058400
2 openwhisk/python3action:nightly 2795 5049 1565703050697 1565703053492 1565703058541
47 openwhisk/action-swift-v4.2:nightly 2769 5370 1565703050713 1565703053482 1565703058852
68 openwhisk/action-swift-v4.2:nightly 2773 5728 1565703050721 1565703053494 1565703059222
3 openwhisk/action-dotnet-v2.2:nightly 2783 6101 1565703050697 1565703053480 1565703059581
56 openwhisk/action-php-v7.3:nightly 2764 6275 1565703050718 1565703053482 1565703059757
10 openwhisk/action-dotnet-v2.2:nightly 2782 6761 1565703050699 1565703053481 1565703060242
11 openwhisk/action-ruby-v2.5:nightly 2786 7082 1565703050700 1565703053486 1565703060568
53 openwhisk/action-ruby-v2.5:nightly 2758 7457 1565703050726 1565703053484 1565703060941
5 openwhisk/action-swift-v4.2:nightly 2794 7716 1565703050698 1565703053492 1565703061208
23 openwhisk/python3action:nightly 2769 8187 1565703050703 1565703053472 1565703061659
60 openwhisk/action-ruby-v2.5:nightly 2766 8453 1565703050732 1565703053498 1565703061951
28 openwhisk/action-php-v7.3:nightly 2783 8701 1565703050705 1565703053488 1565703062189
34 openwhisk/actionloop-golang-v1.11:nightly 2776 9080 1565703050708 1565703053484 1565703062564
58 openwhisk/python3action:nightly 2773 9200 1565703050719 1565703053492 1565703062692
18 openwhisk/action-ruby-v2.5:nightly 2786 9473 1565703050701 1565703053487 1565703062960
26 openwhisk/action-swift-v4.2:nightly 2777 9897 1565703050705 1565703053482 1565703063379
4 openwhisk/action-ruby-v2.5:nightly 2802 10107 1565703050697 1565703053499 1565703063606
7 openwhisk/action-php-v7.3:nightly 2794 10943 1565703050698 1565703053492 1565703064435
27 openwhisk/actionloop-golang-v1.11:nightly 2784 10994 1565703050706 1565703053490 1565703064484
30 openwhisk/python3action:nightly 2784 11176 1565703050708 1565703053492 1565703064668
6 openwhisk/actionloop-golang-v1.11:nightly 2806 11683 1565703050698 1565703053504 1565703065187
14 openwhisk/action-php-v7.3:nightly 2785 11824 1565703050700 1565703053485 1565703065309
64 openwhisk/java8action:nightly 2765 12742 1565703050730 1565703053495 1565703066237
37 openwhisk/python3action:nightly 2770 12808 1565703050712 1565703053482 1565703066290
42 openwhisk/action-php-v7.3:nightly 2784 12814 1565703050714 1565703053498 1565703066312
33 openwhisk/action-swift-v4.2:nightly 2786 13156 1565703050709 1565703053495 1565703066651
20 openwhisk/actionloop-golang-v1.11:nightly 2795 13354 1565703050702 1565703053497 1565703066851
61 openwhisk/action-swift-v4.2:nightly 2754 13777 1565703050743 1565703053497 1565703067274
39 openwhisk/action-ruby-v2.5:nightly 2785 13873 1565703050712 1565703053497 1565703067370
32 openwhisk/action-ruby-v2.5:nightly 2789 14104 1565703050707 1565703053496 1565703067600
54 openwhisk/action-swift-v4.2:nightly 2745 14918 1565703050753 1565703053498 1565703068416
21 openwhisk/action-php-v7.3:nightly 2794 15245 1565703050703 1565703053497 1565703068742
36 openwhisk/java8action:nightly 2791 15391 1565703050709 1565703053500 1565703068891
19 openwhisk/action-swift-v4.2:nightly 2787 15657 1565703050702 1565703053489 1565703069146
45 openwhisk/action-dotnet-v2.2:nightly 2779 15805 1565703050714 1565703053493 1565703069298
49 openwhisk/action-php-v7.3:nightly 2772 16376 1565703050720 1565703053492 1565703069868
43 openwhisk/java8action:nightly 2783 16730 1565703050714 1565703053497 1565703070227
8 openwhisk/java8action:nightly 2798 17150 1565703050699 1565703053497 1565703070647
55 openwhisk/actionloop-golang-v1.11:nightly 2779 17345 1565703050723 1565703053502 1565703070847
9 openwhisk/python3action:nightly 2803 17598 1565703050699 1565703053502 1565703071100
22 openwhisk/java8action:nightly 2816 17864 1565703050704 1565703053520 1565703071384
35 openwhisk/action-php-v7.3:nightly 2766 18207 1565703050711 1565703053477 1565703071684
48 openwhisk/actionloop-golang-v1.11:nightly 2777 18307 1565703050717 1565703053494 1565703071801
17 openwhisk/action-dotnet-v2.2:nightly 2806 19051 1565703050702 1565703053508 1565703072559
15 openwhisk/java8action:nightly 2789 19537 1565703050701 1565703053490 1565703073027
62 openwhisk/actionloop-golang-v1.11:nightly 2774 19718 1565703050725 1565703053499 1565703073217
29 openwhisk/java8action:nightly 2791 19941 1565703050707 1565703053498 1565703073439
69 openwhisk/actionloop-golang-v1.11:nightly 2772 20353 1565703050734 1565703053506 1565703073859
67 openwhisk/action-ruby-v2.5:nightly 2776 20425 1565703050725 1565703053501 1565703073926
13 openwhisk/actionloop-golang-v1.11:nightly 2805 20637 1565703050700 1565703053505 1565703074142
12 openwhisk/action-swift-v4.2:nightly 2805 21090 1565703050700 1565703053505 1565703074595
51 openwhisk/python3action:nightly 2763 21454 1565703050724 1565703053487 1565703074941
63 openwhisk/action-php-v7.3:nightly 2750 22098 1565703050746 1565703053496 1565703075594
41 openwhisk/actionloop-golang-v1.11:nightly 2780 22194 1565703050712 1565703053492 1565703075686
25 openwhisk/action-ruby-v2.5:nightly 2819 22388 1565703050705 1565703053524 1565703075912
66 openwhisk/action-dotnet-v2.2:nightly 2799 22746 1565703050726 1565703053525 1565703076271
24 openwhisk/action-dotnet-v2.2:nightly 2791 23061 1565703050704 1565703053495 1565703076556
57 openwhisk/java8action:nightly 2804 23057 1565703050728 1565703053532 1565703076589
