3 openwhisk/action-dotnet-v2.2:nightly 1459 1906 1565703218553 1565703220012 1565703221918
18 openwhisk/action-ruby-v2.5:nightly 1494 1947 1565703218558 1565703220052 1565703221999
23 openwhisk/python3action:nightly 1500 2090 1565703218560 1565703220060 1565703222150
27 openwhisk/actionloop-golang-v1.11:nightly 1498 2375 1565703218561 1565703220059 1565703222434
13 openwhisk/actionloop-golang-v1.11:nightly 1499 2494 1565703218556 1565703220055 1565703222549
21 openwhisk/action-php-v7.3:nightly 1498 3073 1565703218559 1565703220057 1565703223130
14 openwhisk/action-php-v7.3:nightly 1499 3177 1565703218557 1565703220056 1565703223233
26 openwhisk/action-swift-v4.2:nightly 1495 3403 1565703218561 1565703220056 1565703223459
22 openwhisk/java8action:nightly 1497 3784 1565703218560 1565703220057 1565703223841
33 openwhisk/action-swift-v4.2:nightly 1493 4011 1565703218566 1565703220059 1565703224070
8 openwhisk/java8action:nightly 1510 4442 1565703218555 1565703220065 1565703224507
0 openwhisk/action-php-v7.3:nightly 1505 4767 1565703218552 1565703220057 1565703224824
2 openwhisk/python3action:nightly 1509 5106 1565703218553 1565703220062 1565703225168
32 openwhisk/action-ruby-v2.5:nightly 1493 5317 1565703218565 1565703220058 1565703225375
15 openwhisk/java8action:nightly 1500 5523 1565703218558 1565703220058 1565703225581
16 openwhisk/python3action:nightly 1500 6035 1565703218557 1565703220057 1565703226092
20 openwhisk/actionloop-golang-v1.11:nightly 1499 6450 1565703218560 1565703220059 1565703226509
10 openwhisk/action-dotnet-v2.2:nightly 1501 6669 1565703218555 1565703220056 1565703226725
4 openwhisk/action-ruby-v2.5:nightly 1507 7406 1565703218553 1565703220060 1565703227466
5 openwhisk/action-swift-v4.2:nightly 1505 7521 1565703218554 1565703220059 1565703227580
12 openwhisk/action-swift-v4.2:nightly 1503 7641 1565703218556 1565703220059 1565703227700
9 openwhisk/python3action:nightly 1506 8182 1565703218555 1565703220061 1565703228243
6 openwhisk/actionloop-golang-v1.11:nightly 1503 8229 1565703218554 1565703220057 1565703228286
31 openwhisk/action-dotnet-v2.2:nightly 1499 8422 1565703218563 1565703220062 1565703228484
28 openwhisk/action-php-v7.3:nightly 1496 9146 1565703218561 1565703220057 1565703229203
1 openwhisk/java8action:nightly 1510 9237 1565703218553 1565703220063 1565703229300
34 openwhisk/actionloop-golang-v1.11:nightly 1496 10051 1565703218564 1565703220060 1565703230111
17 openwhisk/action-dotnet-v2.2:nightly 1501 10109 1565703218559 1565703220060 1565703230169
30 openwhisk/python3action:nightly 1501 10124 1565703218563 1565703220064 1565703230188
7 openwhisk/action-php-v7.3:nightly 1504 10584 1565703218554 1565703220058 1565703230642
24 openwhisk/action-dotnet-v2.2:nightly 1504 10838 1565703218560 1565703220064 1565703230902
11 openwhisk/action-ruby-v2.5:nightly 1508 11272 1565703218555 1565703220063 1565703231335
25 openwhisk/action-ruby-v2.5:nightly 1498 11354 1565703218560 1565703220058 1565703231412
19 openwhisk/action-swift-v4.2:nightly 1499 11713 1565703218559 1565703220058 1565703231771
29 openwhisk/java8action:nightly 1500 11834 1565703218563 1565703220063 1565703231897
