5 openwhisk/action-swift-v4.2:nightly 203 1420 1565703545258 1565703545461 1565703546881
17 openwhisk/action-dotnet-v2.2:nightly 216 1495 1565703545262 1565703545478 1565703546973
9 openwhisk/python3action:nightly 219 1590 1565703545259 1565703545478 1565703547068
28 openwhisk/action-php-v7.3:nightly 212 2231 1565703545266 1565703545478 1565703547709
16 openwhisk/python3action:nightly 220 2456 1565703545261 1565703545481 1565703547937
2 openwhisk/python3action:nightly 225 2669 1565703545257 1565703545482 1565703548151
6 openwhisk/actionloop-golang-v1.11:nightly 227 2759 1565703545258 1565703545485 1565703548244
0 openwhisk/action-php-v7.3:nightly 222 2915 1565703545256 1565703545478 1565703548393
1 openwhisk/java8action:nightly 236 3026 1565703545257 1565703545493 1565703548519
18 openwhisk/action-ruby-v2.5:nightly 232 3182 1565703545262 1565703545494 1565703548676
23 openwhisk/python3action:nightly 229 3313 1565703545264 1565703545493 1565703548806
7 openwhisk/action-php-v7.3:nightly 236 3406 1565703545258 1565703545494 1565703548900
22 openwhisk/java8action:nightly 231 3493 1565703545263 1565703545494 1565703548987
10 openwhisk/action-dotnet-v2.2:nightly 235 3616 1565703545259 1565703545494 1565703549110
14 openwhisk/action-php-v7.3:nightly 232 3647 1565703545260 1565703545492 1565703549139
4 openwhisk/action-ruby-v2.5:nightly 237 3741 1565703545257 1565703545494 1565703549235
33 openwhisk/action-swift-v4.2:nightly 227 3910 1565703545267 1565703545494 1565703549404
26 openwhisk/action-swift-v4.2:nightly 236 4068 1565703545265 1565703545501 1565703549569
3 openwhisk/action-dotnet-v2.2:nightly 237 4144 1565703545257 1565703545494 1565703549638
13 openwhisk/actionloop-golang-v1.11:nightly 246 4156 1565703545260 1565703545506 1565703549662
27 openwhisk/actionloop-golang-v1.11:nightly 245 4369 1565703545266 1565703545511 1565703549880
11 openwhisk/action-ruby-v2.5:nightly 243 4587 1565703545260 1565703545503 1565703550090
29 openwhisk/java8action:nightly 250 4592 1565703545267 1565703545517 1565703550109
32 openwhisk/action-ruby-v2.5:nightly 249 4711 1565703545269 1565703545518 1565703550229
15 openwhisk/java8action:nightly 250 4838 1565703545262 1565703545512 1565703550350
21 openwhisk/action-php-v7.3:nightly 250 4907 1565703545263 1565703545513 1565703550420
30 openwhisk/python3action:nightly 250 4907 1565703545267 1565703545517 1565703550424
12 openwhisk/action-swift-v4.2:nightly 254 5032 1565703545260 1565703545514 1565703550546
20 openwhisk/actionloop-golang-v1.11:nightly 251 5225 1565703545263 1565703545514 1565703550739
8 openwhisk/java8action:nightly 255 5250 1565703545259 1565703545514 1565703550764
25 openwhisk/action-ruby-v2.5:nightly 248 5252 1565703545265 1565703545513 1565703550765
31 openwhisk/action-dotnet-v2.2:nightly 248 5454 1565703545267 1565703545515 1565703550969
19 openwhisk/action-swift-v4.2:nightly 249 5571 1565703545263 1565703545512 1565703551083
34 openwhisk/actionloop-golang-v1.11:nightly 251 5579 1565703545267 1565703545518 1565703551097
24 openwhisk/action-dotnet-v2.2:nightly 256 5582 1565703545263 1565703545519 1565703551101
